00000000000000000000000000000000000000000000000000
00000000000000000000000000000000000000000000000000
00000000000000000000000000000000000000000000000000
00000000000000000000000000000000000000000000000000
00000000000000000000000000000000000000000000000000
00000000000000000000000000000000000000000000000000
00000000000000000000000000000001010000000000000000
00000000000000000000000000011010000000000000000000
00000000000000000000000000000000000000000000000000
00000000000000000000000000000001100000000000000000
00000000000000000000000000000000000000000000000000
00000000000000000000000000000010000000000000000000
00000000000000000001000000000010000000000000000000
00000000000000000001000000000010000000000000000000
00000000000000000010000000000001000000000000000000
00000000000000000010000000000001000000000000000000
00000000000000000010000000000001000000000000000000
00000000000000000010000000000001000000000000000000
00000000000000000000010000001000000000000000000000
00000000000000000000010000011000000000000000000000
00000000000000000000000001000000000000000000000000
00000000000000000010000101000001000000000000000000
00000000000000000000000100000000000000000000000000
00000000000000000001000000000010000000000000000000
00000000000000000010011000011001000000000000000000
00000000000000000100000000000000100000000000000000
00000000000000000000000000000000000000000000000000
00000000000000001100000000000000110000000000000000
00000000000000000000011000111001000000000000000000
00000000000000010000000000000000001000000000000000
00000000000000000000000000000000010000000000000000
00000000000000100000000001000000001100000000000000
00000000000000100000000010000100000000000000000000
00000000000000000000000000000000000001000000000000
00000000000000100000000000000000000000000000000000
00000000000000100000000001000000010010000000000000
00000000000000000000000001000000000100000000000000
00000000000000000000000000000000000000000000000000
00000000000000010000000000000000001000000000000000
00000000000000001000000000000000010000000000000000
00000000000000000000000000000000000000000000000000
00000000000000000010000000000001000000000000000000
00000000000000000000000000000000000000000000000000
00000000000000000000001100110000000000000000000000
00000000000000000000000000000000000000000000000000
00000000000000000000000000000000000000000000000000
00000000000000000000000000000000000000000000000000
00000000000000000000000000000000000000000000000000
00000000000000000000000000000000000000000000000000
00000000000000000000000000000000000000000000000000